1.000000 -0.000019 0.000000 4.999799 0.000019 1.000000 0.000000 -0.000036 -0.000000 -0.000000 1.000000 0.100000
0.997581 -0.000520 -0.069507 5.238832 0.000536 1.000000 0.000215 0.000047 0.069507 -0.000252 0.997581 0.116011
0.995673 0.072443 -0.058199 5.791744 -0.072335 0.997373 0.003967 -0.015666 0.058334 0.000260 0.998297 0.113497
0.997112 0.070435 0.028391 6.519751 -0.070407 0.997516 -0.001992 -0.067969 -0.028461 -0.000013 0.999595 0.106455
0.997507 0.070565 -0.000519 7.230324 -0.070565 0.997507 0.000002 -0.117810 0.000518 0.000035 1.000000 0.100221
0.531794 -0.846703 -0.016994 8.246482 0.846298 0.532065 -0.026208 -0.105954 0.031233 -0.000445 0.999512 0.107165
0.502229 -0.864734 0.001123 8.522811 0.864733 0.502230 0.001437 0.381059 -0.001807 0.000249 0.999998 0.100284
0.117782 -0.993039 0.000781 8.567163 0.993001 0.117784 0.008717 0.428041 -0.008748 -0.000251 0.999962 0.102112
-0.164536 -0.986371 0.000123 8.128314 0.986371 -0.164536 0.000597 3.192789 -0.000568 0.000220 1.000000 0.099909
-0.160393 -0.987013 0.008925 7.867204 0.985624 -0.160641 -0.052356 4.774192 0.053110 0.000399 0.998589 0.112147
-0.164746 -0.986336 -0.001037 7.788198 0.986318 -0.164749 0.005898 5.259591 -0.005988 -0.000051 0.999982 0.101422
-0.968459 -0.247461 -0.029147 6.203616 0.247334 -0.968898 0.007953 6.059803 -0.030208 0.000493 0.999543 0.107034
-0.999968 0.005182 0.006108 4.713596 -0.005181 -0.999986 0.000300 6.438105 0.006110 0.000268 0.999981 0.101569
-0.988705 0.149872 -0.000171 3.197363 -0.149872 -0.988705 -0.000044 6.220060 -0.000176 -0.000018 1.000000 0.100012
-0.617476 0.786381 0.018129 2.770046 -0.786045 -0.617742 0.022971 6.078380 0.029263 -0.000066 0.999572 0.106648
0.027714 0.999616 0.000109 1.972658 -0.999616 0.027714 -0.000635 2.627126 -0.000638 -0.000091 1.000000 0.100067
0.030228 0.999543 0.000179 2.007455 -0.999541 0.030228 -0.002025 1.417280 -0.002029 -0.000117 0.999998 0.100339
0.031280 0.999511 0.000054 2.051988 -0.999511 0.031280 -0.000375 -0.062457 -0.000376 -0.000042 1.000000 0.100080
0.031451 0.999505 -0.000011 2.126045 -0.999505 0.031451 0.000194 -2.431501 0.000194 0.000004 1.000000 0.100117
0.030082 0.999547 -0.000071 2.145456 -0.999547 0.030082 -0.000680 -3.073692 -0.000678 0.000091 1.000000 0.100364
0.559215 0.828972 0.009122 2.032635 -0.828848 0.559289 -0.014390 -3.221579 -0.017031 0.000487 0.999855 0.103879
0.943583 0.331137 0.000307 3.150494 -0.331137 0.943583 -0.000068 -4.281010 -0.000313 -0.000037 1.000000 0.100018
0.999380 -0.032683 0.013055 6.429565 0.032675 0.999466 0.000891 -4.414731 -0.013078 -0.000464 0.999914 0.103033
0.999325 -0.036727 -0.000584 6.920600 0.036727 0.999325 -0.000119 -4.397439 0.000588 0.000098 1.000000 0.100267
0.997742 -0.053105 0.041113 10.454207 0.053054 0.998589 0.002316 -4.276789 -0.041178 -0.000130 0.999152 0.109157
0.795374 -0.606119 -0.000122 10.817841 0.606119 0.795374 0.000051 -4.213202 0.000066 -0.000114 1.000000 0.100054
0.728000 -0.685577 -0.000838 11.243489 0.685577 0.728000 -0.000342 -3.823326 0.000845 -0.000325 1.000000 0.100363
0.328716 -0.944414 0.005188 11.738770 0.944326 0.328757 0.012928 -3.172731 -0.013915 0.000650 0.999903 0.103233
0.079868 -0.996805 0.000220 11.830496 0.996805 0.079867 -0.000849 -2.108325 0.000829 0.000287 1.000000 0.099959
-0.162523 -0.986694 -0.004676 12.273976 0.986341 -0.162590 0.026382 3.447343 -0.026791 -0.000324 0.999641 0.105960
-0.162911 -0.986641 -0.000661 12.187515 0.986641 -0.162911 -0.000014 3.967093 -0.000094 -0.000654 1.000000 0.100295
-0.165368 -0.986232 0.000257 11.823640 0.986232 -0.165369 -0.000834 6.134113 0.000865 0.000115 1.000000 0.100117
-0.999931 -0.011623 0.001694 9.838654 0.011623 -0.999933 0.000203 8.544914 0.001691 0.000223 0.999999 0.100416
-0.999958 -0.009176 -0.000249 9.368222 0.009176 -0.999958 0.000098 8.548912 -0.000250 0.000095 1.000000 0.100070
-0.999970 -0.007816 -0.000407 8.375875 0.007816 -0.999970 0.000020 8.557103 -0.000407 0.000017 1.000000 0.100101
-0.999998 -0.002167 -0.000365 3.585684 0.002167 -0.999998 0.000392 8.583496 -0.000366 0.000391 1.000000 0.100315
-0.999653 0.002218 -0.026259 1.820415 -0.002195 -0.999997 -0.000905 8.589868 -0.026261 -0.000847 0.999655 0.105882
-0.965709 0.257055 -0.036469 1.046123 -0.256867 -0.966397 -0.009824 8.381220 -0.037768 -0.000119 0.999287 0.108755
-0.036452 0.999335 -0.000166 -0.347690 -0.999335 -0.036452 0.000029 5.297577 0.000023 0.000167 1.000000 0.099984
-0.030335 0.999540 -0.000534 -0.371206 -0.999443 -0.030340 -0.013892 4.663820 -0.013902 0.000112 0.999903 0.103271
-0.032034 0.999487 -0.000269 -0.393444 -0.999479 -0.032035 -0.003887 3.932931 -0.003894 0.000144 0.999992 0.100585
-0.029688 0.999559 -0.000286 -0.473662 -0.999558 -0.029688 -0.001427 1.059249 -0.001435 0.000244 0.999999 0.100079
-0.029470 0.999566 0.000020 -0.511662 -0.999563 -0.029470 -0.002160 -0.223111 -0.002159 -0.000084 0.999998 0.100566
0.069959 0.997550 -0.000203 -0.529552 -0.997532 0.069959 0.005915 -0.302547 0.005915 -0.000211 0.999982 0.101450
0.294094 0.955765 0.004650 -0.185501 -0.955628 0.294130 -0.016200 -2.385878 -0.016851 0.000321 0.999858 0.103841
0.437427 0.899254 -0.000129 -0.221616 -0.899254 0.437427 0.000418 -2.331114 0.000433 -0.000067 1.000000 0.100132
0.978850 0.203806 -0.017766 0.248026 -0.203765 0.979011 0.004093 -3.201382 0.018228 -0.000386 0.999834 0.104235
0.853663 -0.520826 -0.000377 2.920553 0.520826 0.853663 -0.000110 -2.116123 0.000379 -0.000103 1.000000 0.100165
0.977043 -0.213040 -0.000866 3.292680 0.213040 0.977044 -0.000178 -1.898159 0.000884 -0.000011 1.000000 0.099727
0.977107 -0.212682 0.005365 3.416727 0.212678 0.977122 0.001282 -1.871136 -0.005515 -0.000112 0.999985 0.101017
0.973363 -0.226675 0.034405 3.876125 0.226522 0.973970 0.008322 -1.775594 -0.035395 -0.000307 0.999373 0.108135
0.932941 -0.360028 0.000291 3.837193 0.360028 0.932941 0.000519 -1.827183 -0.000459 -0.000380 1.000000 0.100176
0.913700 -0.406390 -0.000183 3.821439 0.406390 0.913700 -0.000447 -1.843400 0.000349 0.000334 1.000000 0.099750
0.912838 -0.408322 -0.000085 3.868709 0.408322 0.912838 0.000648 -1.822653 -0.000187 -0.000626 1.000000 0.099770
0.912319 -0.409480 -0.000026 3.917905 0.409480 0.912319 0.000008 -1.800829 0.000021 -0.000018 1.000000 0.099965
